camera_name = camera1
resolution = [640 480]
cx = 320.29208
cy = 223.87345
fx = 357.56545
fy = 356.99650
distortion_model = plumb_bob
dist = [-3.663310e-01 2.149042e-01 1.551136e-03 -3.995215e-04 -7.989195e-02 0.000000e+00 0.000000e+00 0.000000e+00 ]
dist = [k1, k2, p1, p2, k3, k4......]
dist = [-3.663310e-01 2.149042e-01 1.551136e-03 -3.995215e-04 -7.989195e-02 0.000000e+00 0.000000e+00 0.000000e+00 ]
d         -0.366            0.215               0.00155            0.000399     -0.07989
Average err. of reprojection: 0.243848 pixels (OpenCV error=0.243848)
