7*10 calibration_calib Zhang
rms = 0.289133
fx = 335.036541
fy = 335.036541
cx = 320.000000
cy = 240.000000
k1 = -0.315383
k2 = 0.119757
p1 = -0.006577
p2 = -0.000439